13
0
0
0
8
0
3
1
0
0
0
5
0
0
0
4
5
2
0
0
2
3
0
0
21
5
8
1
9
5
16
7
29
10
3
9
26
5
9
15
13
18
14
1
27
6
8
24
0
20
1
8
8
10
1
0
1
20
8
2
0
0
19
23
2
3
5
2
0
5
43
19
23
5
8
42
8
4
16
12
9
26
10
5
8
0
7
0
7
7
3
5
4
12
31
1
1
1
0
1
27
2
3
7
14
8
27
23
22
0
5
10
6
17
20
0
7
0
23
33
24
28
4
24
4
5
11
2
21
21
10
5
2
34
3
0
0
20
8
7
0
14
0
10
0
17
32
8
0
0
20
7
10
19
31
6
1
6
0
0
15
5
13
28
0
10
3
0
0
16
1
6
0
0
29
25
27
4
1
9
3
20
18
2
2
6
28
7
9
26
0
11
13
17
1
15
25
5
1
4
5
0
20
29
15
8
0
44
0
4
0
27
0
26
8
0
10
21
7
16
1
23
1
30
0
9
14
7
10
10
14
18
0
23
0
16
1
1
3
19
0
15
24
0
7
0
8
4
19
0
0
16
25
30
28
21
0
30
5
4
0
18
1
16
31
0
1
20
4
2
9
10
21
10
4
11
4
0
2
1
1
10
0
4
37
19
10
1
28
4
14
1
2
2
